18 6
21 6
13 7
16 7
17 7
18 7
13 8
16 8
18 8
19 8
20 8
25 8
26 8
27 8
13 9
16 9
18 9
20 9
21 9
22 9
23 9
24 9
25 9
26 9
27 9
12 10
13 10
16 10
21 10
22 10
23 10
25 10
26 10
27 10
13 11
16 11
21 11
23 11
25 11
26 11
27 11
28 11
29 11
13 12
14 12
15 12
16 12
21 12
22 12
23 12
27 12
29 12
21 13
27 13
28 13
29 13
16 14
17 14
18 14
19 14
20 14
21 14
22 14
23 14
24 14
25 14
26 14
27 14
28 14
29 14
16 15
19 15
22 15
23 15
24 15
26 15
28 15
13 16
14 16
16 16
17 16
19 16
26 16
28 16
13 17
14 17
16 17
18 17
19 17
20 17
21 17
25 17
26 17
28 17
13 18
14 18
16 18
18 18
19 18
20 18
21 18
24 18
25 18
26 18
28 18
13 19
16 19
18 19
21 19
23 19
24 19
25 19
27 19
28 19
29 19
13 20
15 20
16 20
18 20
19 20
20 20
21 20
22 20
23 20
24 20
27 20
29 20
12 21
13 21
16 21
18 21
19 21
20 21
21 21
27 21
29 21
13 22
14 22
15 22
16 22
17 22
27 22
28 22
29 22
